0, 0, 90.64
-0.069, -1.999, 90.116
-0.235, -3.991, 87.254
-0.528, -5.967, 84.295
-0.982, -7.913, 81.23
-1.635, -9.8, 78.044
-2.519, -11.591, 75.332
-3.651, -13.234, 73.921
-5.025, -14.681, 74.146
-6.616, -15.888, 78.633
-8.384, -16.818, 81.827
-10.253, -17.524, 85.014
-12.184, -18.038, 87.936
-14.152, -18.396, 90.497
-16.138, -18.624, 94.591
-18.134, -18.76, 96.241
-20.132, -18.832, 97.718
-22.132, -18.862, 99.089
-24.132, -18.87, 96.954
-26.132, -18.873, 94.297
-28.132, -18.889, 91.564
-30.131, -18.938, 88.747
-32.128, -19.039, 85.837
-34.12, -19.215, 82.826
-36.101, -19.492, 79.701
-38.053, -19.923, 76.449
-39.957, -20.529, 73.054
-41.78, -21.345, 69.494
-43.478, -22.397, 65.743
-44.972, -23.722, 61.766
-46.227, -25.274, 57.515
-47.235, -26.996, 52.925
-48.003, -28.839, 47.895
-48.557, -30.758, 42.269
-48.933, -32.72, 35.766
-49.166, -34.705, 27.777
-49.302, -37.74, 0
-49.302, -37.74, 0
-50.195, -57.72, 0
endData
127
100
200
0, 0, 0, -37.74, -49.302, 0, -49.302, -37.74